Gene Symbol,control1,control2,control3,control4,control5,KRAS1,KRAS2,KRAS3,KRAS4,KRAS5
Slc12a2,10.0768,11.3868,11.1256,9.12637,9.16823,9.8191,10.1647,11.0605,9.06996,9.00186
Rbm42,9.50537,10.3051,10.9624,9.79389,9.75311,9.72423,9.82329,10.776,10.2955,9.06125
Espl1,10.417,9.14667,10.0547,10.5726,9.14518,9.90144,10.6113,9.88502,9.96763,10.2984
Uap1l1,10.0917,9.97491,9.89593,11.213,11.6732,9.6036,8.88877,9.02631,10.0665,9.56616
Inppl1,10.1693,9.76605,9.95544,10.0428,9.39423,10.0501,10.4225,10.413,9.82626,9.96041
Uap1,10.5045,9.02277,8.8836,12.7976,12.435,8.95858,7.46328,7.8253,10.4802,11.6292
Pdlim3,8.68995,9.25035,8.60431,13.8069,16.3174,7.02662,7.58746,6.72585,9.94313,12.0481
Psmd4,10.67,10.9932,10.2235,9.02564,8.93007,10.7186,9.41619,10.4071,10.1837,9.43196
Mrps7,9.29944,9.71293,10.1522,9.23251,9.07535,10.8272,11.0773,10.4857,10.4231,9.71417
Gng2,7.02667,7.4841,12.1473,11.6265,10.9295,12.5373,8.67486,7.17941,10.7848,11.6095
Zfpl1,9.42153,9.8263,10.1058,10.0299,10.6171,10.0636,9.89353,9.14723,10.7373,10.1577
Edc4,9.98594,9.80544,10.5071,9.7576,9.70678,10.1,10.0335,10.2866,10.2433,9.57382
Edc4,9.01004,7.61433,6.74056,12.6329,6.64572,15.9067,13.4873,11.6262,7.59424,8.74196
Spag5,10.9325,11.3562,12.4245,8.71501,10.0825,10.326,9.13574,7.90657,11.1609,7.96017
Pfdn4,9.10056,11.7131,8.96384,10.8216,8.4299,11.4899,9.13625,11.4981,8.55607,10.2907
U2surp,10.2274,10.3605,10.6565,9.2043,9.28249,10.1047,9.99242,10.7563,10.0612,9.35411
6-Sep,8.93884,9.4753,9.70366,11.1572,11.0249,9.25342,8.9435,10.0749,10.3737,11.0546
11-Sep,9.45129,9.27754,9.87995,9.89293,9.77879,10.1758,10.8245,10.4316,10.0514,10.2362
7-Sep,10.0287,9.57369,9.98463,9.92433,9.5964,9.99805,10.3021,10.4948,9.6515,10.4458
9-Sep,9.2784,9.68575,9.64967,9.23662,9.20124,10.6779,10.9238,10.6934,10.3902,10.263
10-Sep,8.64741,9.19218,9.54737,8.62486,9.11304,10.5804,11.5717,11.8756,10.5054,10.342
8-Sep,10.1674,9.66943,10.0113,10.299,10.7411,9.17457,9.93284,9.57768,10.1216,10.3051
Fh,10.275,9.82109,9.95253,11.1636,10.4723,9.35314,9.28971,9.44394,9.95013,10.2786
Tln1,9.53125,9.19646,9.52504,11.0255,11.8571,9.35156,9.57369,9.34873,10.1647,10.4259
Tln2,8.92938,9.14822,9.21469,11.0281,11.1896,9.24099,9.23905,10.7618,10.4977,10.7506
Tomm70a,9.95093,10.2036,10.0569,9.37514,9.36588,10.5262,10.1635,10.3747,10.287,9.69621
Rpf1,10.5559,10.615,9.52713,9.06884,9.85178,10.9303,9.42715,10.4735,9.65845,9.89207
Efhd2,9.87084,9.75444,9.52464,10.0653,9.6737,10.1708,10.0853,10.3022,10.0048,10.548
Wdfy4,11.7526,8.65096,8.75609,10.0841,12.4731,10.6836,9.73758,8.44941,9.02623,10.3863
Acbd6,10.19,10.0802,11.1546,9.02283,9.66558,9.73982,9.90017,10.4644,10.5996,9.18274
Ncor2,8.95657,8.93541,10.1442,8.9198,8.67952,10.7656,11.881,11.1477,10.5241,10.046
Ncor1,9.84776,10.0687,10.1017,9.4724,9.65884,10.3159,10.238,10.443,9.97116,9.88257
Sema7a,7.41971,7.04888,7.46356,5.94989,6.49517,12.9656,14.1701,13.3652,12.2986,12.8234
Postn,9.1395,9.06172,8.98113,12.0582,12.83,8.44697,9.12477,8.93113,9.94943,11.4772
Ckap5,10.0757,9.59502,10.2973,9.55429,9.7283,10.2919,10.2386,10.0997,10.441,9.67818
Trappc11,10.0726,9.93493,9.70937,10.3565,10.5173,10.126,9.70721,9.60451,10.1046,9.86696
Stip1,10.8462,10.56,10.88,9.89108,9.72532,10.4028,9.44864,9.24119,9.77029,9.23446
Ifit3,12.5011,17.2831,15.304,8.56515,12.3629,7.88544,6.91959,7.97516,6.11592,5.08763
I830012O16Rik,11.8422,19.7411,15.7585,8.84867,12.7707,8.08273,6.18244,6.53867,5.34101,4.89397
Uba5,10.557,9.49095,9.99144,10.9674,11.762,8.88108,8.96802,8.6254,10.6016,10.1551
Bcar1,9.07324,9.23952,8.91314,8.59347,8.66816,11.2272,11.4884,11.3424,10.7443,10.7102
Efnb1,9.06866,8.60188,9.10754,11.3895,10.5814,9.98147,8.97122,9.49232,10.5668,12.2392
Ctnnd1,9.28633,9.30862,9.35024,8.74211,8.74423,11.0412,11.5746,11.1489,10.507,10.2968
Eef1g,10.3463,10.0595,9.8688,9.57209,8.91579,10.662,10.4044,10.385,10.0256,9.76045
Golgb1,10.6739,9.97166,10.145,11.1638,10.9677,9.44142,8.66046,8.705,10.074,10.197
Copb1,10.2166,9.62249,9.92899,10.5131,10.2716,9.7526,9.73933,9.98948,9.8891,10.0767
Nol7,10.0503,10.7395,10.2564,6.69725,7.3285,11.8183,11.5174,12.7523,10.2076,8.63243
Pkp4,9.35373,10.2126,9.89153,8.8451,8.84131,10.8498,10.4494,10.661,10.8583,10.0373
Ttc4,10.0727,9.98421,10.4694,10.089,9.9434,10.1034,9.71195,10.0306,10.3316,9.2636
Ccdc94,10.4198,9.9755,10.4199,9.74924,9.97891,10.0409,10.4029,9.87768,10.0044,9.13077
Tcof1,10.7307,10.7111,10.6419,9.19658,9.36562,10.2067,9.60292,10.0403,9.94205,9.56207
Sox4,10.4289,8.44024,12.5497,7.98497,7.26347,10.8557,11.8908,11.7263,10.2916,8.56847
Cpsf1,10.2001,10.1329,10.3386,9.28162,9.62022,10.1266,10.2648,10.2341,10.0755,9.72557
Fam160a1,10.0619,9.44875,8.32993,9.05347,8.83286,11.2279,12.0178,11.0807,10.0968,9.8499
Ptprk,9.8693,10.7908,10.2214,9.40929,8.81791,10.3479,10.1295,11.1915,9.50063,9.72175
Acox1,9.40147,9.6912,9.66972,11.0421,10.126,9.05872,9.8913,9.86679,9.3942,11.8585
Irf2bp2,10.428,10.6849,11.3205,9.2339,9.83317,9.86506,9.55073,9.80215,10.1865,9.09506
Irf2bpl,9.06102,8.35359,8.36218,8.33111,9.05577,11.3045,12.4263,11.6941,10.6726,10.7387
Bcr,10.0154,9.63326,10.7152,10.7651,9.73719,10.1835,9.65564,9.99167,9.24532,10.0577
Abr,9.51352,9.26775,9.73316,10.8164,10.0422,9.56387,9.94817,10.339,9.44984,11.3261
Vil1,9.78124,9.59247,9.52467,9.91406,9.37707,10.3008,10.4211,10.4813,10.272,10.3354
Vil1,9.19917,9.79665,10.3647,10.0435,9.55455,10.5586,9.42735,10.3564,9.71302,10.9861
Rab3gap1,8.79071,8.85336,8.83547,9.55779,9.43998,11.1905,11.2788,10.9914,10.4583,10.6037
Idh3b,9.74214,10.4653,10.4783,10.2804,9.99309,9.61788,9.70585,10.093,9.57223,10.0518
Ints1,9.85551,10.0168,10.6683,9.40709,9.60166,9.81235,10.5034,10.5721,9.84448,9.71832
Fmnl2,8.69569,8.47213,9.69709,8.22657,9.09464,11.0188,12.3321,11.944,10.5145,10.0045
Fmnl3,8.65376,7.98846,9.11685,8.45303,9.67374,11.3887,12.5293,10.6087,11.3132,10.2743
Fmnl1,10.2189,9.01716,10.482,11.2144,11.2037,9.83314,8.70846,8.65815,10.1549,10.5092
Ankrd50,9.56739,8.6775,10.6776,9.94222,9.70009,10.5437,10.5182,9.90072,10.6835,9.78899
Cse1l,10.6143,10.1887,10.7486,9.45586,9.41877,10.2793,10.0144,10.1211,10.0457,9.11342
Pura,10.0873,10.1418,9.69814,9.75891,9.42188,10.1992,9.54203,10.1694,10.0131,10.9683
Purb,9.71548,10.1372,9.67005,9.34671,8.87651,10.5482,10.5289,10.6611,10.1222,10.3937
Nos2,12.9902,14.0974,12.9045,8.87193,9.42999,9.31386,6.9991,8.57096,9.79466,7.02736
Nudt4,9.26993,10.5012,9.38346,11.0636,10.4284,9.25827,9.70493,10.0816,9.71013,10.5984
Nudt3,8.68751,9.51332,10.321,8.51756,10.1436,9.45457,10.4784,10.8604,11.407,10.6166
Hdlbp,11.0681,9.60205,9.85623,10.5621,10.6485,9.50443,9.4163,9.06273,10.2921,9.98734
Lcp1,10.3134,9.00582,10.6711,10.5637,10.8361,10.0114,9.22281,9.17862,10.0442,10.1528
Pls1,9.40137,8.51969,8.82352,9.29054,8.98553,10.8043,11.1699,11.135,10.6812,11.1888
Pls3,7.47978,6.55453,7.47699,6.76187,7.18619,12.7952,15.6076,13.7285,11.4325,10.977
Agk,9.37751,9.50995,9.65557,9.34418,9.24098,10.371,10.7138,11.0308,10.1872,10.5689
Ube3a,10.2319,9.73988,10.192,9.1965,9.45158,10.3558,10.3163,10.4012,10.2086,9.90624
Trim65,10.5624,10.6691,9.48289,10.601,10.4933,9.92417,9.52003,9.94791,9.56208,9.23722
Adk,9.18364,8.83901,8.59369,10.5421,9.85124,10.5053,11.0895,10.7138,9.61407,11.0676
Rabl6,10.1641,10.0056,10.0155,10.0963,9.58794,10.1042,9.81647,10.4909,9.66541,10.0536
Magi3,9.8262,10.3831,10.0627,10.2969,9.9735,9.94883,9.65542,9.829,10.1803,9.8441
Vdac3,8.82796,8.82477,10.1862,10.5691,9.97962,10.6408,10.4578,9.94246,9.78397,10.7873
Vdac1,8.6358,8.93122,9.84504,10.4514,9.7477,10.5091,10.8378,10.0376,10.0925,10.9119
Atp2c1,9.81454,8.52535,9.42183,10.3487,9.56998,10.3414,10.8756,10.2556,10.1732,10.6738
Atp2c2,9.48741,9.46876,9.56946,12.2243,10.6537,8.94913,8.35312,8.98314,10.3008,12.0101
Sin3a,10.1511,10.2321,10.8984,9.56358,9.53935,9.96716,10.0332,9.74579,10.107,9.76235
Sin3b,10.0178,10.0442,10.6427,9.19673,9.94231,10.0394,10.0001,10.6753,10.0273,9.41416
Trap1,10.0008,10.4201,10.172,9.43674,8.84803,10.523,10.2399,10.6728,9.82832,9.85824
Hsp90aa1,11.1086,10.6317,11.2984,9.77148,9.4917,9.67791,9.68736,9.3337,10.0094,8.98971
Hsp90ab1,10.8729,10.3001,10.9593,8.86843,8.95579,10.0231,10.499,10.1728,10.412,8.9366
Hsp90b1,10.7683,10.2353,9.95281,11.1391,11.0977,9.41279,8.41056,8.60196,10.164,10.2175
Hsp90aa1,10.8411,9.80375,11.3226,9.25511,7.81265,10.4194,10.5925,9.35793,10.7908,9.80408
Hsp90ab1,12.8239,10.3087,10.8439,8.92234,7.00858,10.3976,10.0448,9.45846,10.6351,9.55659
Trp53bp1,9.64602,9.93721,11.5266,8.92404,9.42828,9.67128,10.6094,10.8178,9.9224,9.51701
Mmaa,9.93119,9.33847,10.128,10.8763,10.2611,9.48334,9.4452,9.62274,10.2518,10.6618
Bcat2,11.1698,10.1827,10.498,10.6297,10.6599,9.21276,9.66572,9.52069,9.22508,9.23553
Scly,10.4954,11.1927,11.5528,11.7589,12.8236,7.56792,7.99933,8.64916,9.14574,8.81445
Scly,9.88371,9.61888,13.0415,17.6935,15.1259,6.08716,6.77395,5.92388,8.10781,7.74375
Sel1l,10.8417,9.89345,10.216,9.6195,11.1025,9.64505,9.16023,9.87144,10.1022,9.54794
Aldh4a1,10.3788,9.95148,9.81998,11.9025,12.0273,8.44093,8.00642,8.5441,9.68511,11.2433
,9.88852,10.5549,10.3848,9.71734,8.3753,11.3706,8.93511,10.0447,10.1729,10.5559
Rbbp6,10.0422,10.388,10.1712,9.11354,9.27168,10.441,10.399,10.3746,9.97095,9.82783
Rfc1,10.3628,10.2755,11.8785,9.69145,9.6245,9.86173,9.73154,9.65086,9.96162,8.96151
Tpr,10.0971,10.1507,10.4276,9.27708,9.20129,10.3649,10.1253,10.3141,10.2457,9.79615
Pag1,9.12065,8.8264,9.61968,10.1169,10.0351,9.4936,9.98364,10.4995,11.7564,10.5481
Entpd5,10.0582,9.59479,9.04203,13.7782,12.4092,8.07389,7.36443,7.51141,9.2769,12.891
Map2k6,10.0997,10.1733,9.95096,11.967,11.39,8.78313,7.98995,8.87537,9.52143,11.2491
Map2k3,9.80045,9.15354,9.67249,9.46856,9.46103,10.5353,10.6976,10.3434,10.5234,10.3443
Lias,9.59267,9.25479,9.99615,8.27835,8.95727,10.7043,10.7697,10.9349,11.8119,9.7
Wbp2,9.48432,9.11107,9.42667,9.87174,10.4475,10.5292,9.96001,9.92069,10.9058,10.343
Prkra,9.40906,10.0538,9.50652,9.40226,10.1027,9.96142,10.317,10.1807,10.0025,11.0641
Eps8,8.94276,9.14774,10.5419,9.34815,8.45053,10.7646,10.7203,11.1371,10.5453,10.4016
Map1b,8.26069,8.09455,8.2767,10.2875,11.0921,9.9918,11.3607,9.90224,11.0617,11.6721
Map1a,9.05675,8.97004,9.40284,9.94396,10.7549,9.98505,10.5248,10.2922,10.1943,10.8752
Xpc,11.5941,9.77475,13.5725,13.2482,8.70068,7.67936,9.4862,8.81548,8.04446,9.08427
Supt6h,10.0932,9.85619,10.8307,9.30851,9.6833,10.045,10.4063,10.0588,10.3602,9.35775
Nckap1,9.57539,9.60469,9.57966,9.37781,9.13967,10.6034,10.852,10.8073,10.0638,10.3963
Wdr70,10.0012,10.3804,10.0255,8.57115,9.03413,10.7794,10.9254,10.8504,9.68852,9.74387
Prkcd,9.58964,9.20874,9.60736,10.6341,10.0145,9.94433,9.64952,10.2892,9.97071,11.0919
Prkcb,9.62458,8.89097,8.9257,12.6085,12.3462,8.71596,8.02327,8.2617,10.4811,12.122
Prkca,9.3553,9.50443,8.56613,12.0536,11.1857,9.88574,8.43787,9.67097,9.95974,11.3806
Prkce,9.1081,10.1557,9.19606,10.9112,10.4048,9.87714,9.22052,9.54062,10.4964,11.0895
Prkch,10.5892,10.0492,10.5666,10.6082,11.0913,9.33585,9.22097,9.22712,9.40128,9.91026
Tagln,8.89823,9.49309,7.94123,16.1385,18.5549,5.76597,6.99747,5.50833,9.23274,11.4695
Clta,12.6035,11.7777,10.347,9.23994,10.1554,9.84069,8.7286,7.93022,10.4409,8.93605
Tbc1d8b,10.0209,9.66789,10.2494,10.6924,10.3845,9.50118,9.86585,9.47663,10.0591,10.0821
Tbc1d8,9.28292,10.5664,9.75647,11.3049,11.2233,8.46751,8.62859,10.2904,10.2628,10.2167
Dnajc1,10.5323,9.03444,9.83554,9.66747,10.0838,10.4691,10.0448,10.0387,10.2072,10.0866
Nxt2,10.72,10.3415,9.97752,10.2833,10.2728,9.71087,9.696,9.89032,9.37526,9.7324
Nxt1,11.5655,10.3233,10.7774,9.21274,9.99865,10.5407,9.51187,9.24476,10.1269,8.69818
Zwilch,10.3864,10.6606,10.4646,9.53029,9.7987,10.3692,9.45132,10.0427,10.6705,8.62564
Mtr,8.95445,10.3399,10.2484,9.35452,10.0228,9.69876,10.783,10.3981,10.4178,9.78235
Zmym2,9.92924,10.0091,10.9137,8.49907,9.40152,10.1743,11.0138,10.4797,10.2823,9.29726
Snx13,8.8897,8.26651,8.87353,10.3366,10.2231,10.0048,10.9322,10.2363,10.8914,11.3458
Ppp1r12c,9.36809,9.64604,8.99428,12.5626,13.9081,7.96872,8.17788,8.21648,9.94057,11.2172
Fam98b,10.33,10.4626,10.6403,9.7835,10.36,9.37181,9.76708,10.2108,10.3974,8.67651
Fam98a,10.1002,10.2084,10.4087,9.36592,10.2809,10.1174,10.1202,10.3533,9.93251,9.11235
Tuft1,8.15322,8.57756,8.4254,8.3224,7.89454,11.772,12.3045,12.384,11.2537,10.9127
Prodh,10.2664,11.2245,10.7698,9.26845,10.0067,9.28748,9.50615,9.76287,10.0836,9.82399
Atp1a1,10.2033,11.1721,10.1322,11.6719,10.4075,8.76945,8.54512,9.28133,9.36205,10.455
Atp12a,10.1325,12.5383,10.6811,16.185,14.3504,6.22684,4.8544,5.87855,7.6482,11.5046
Atp1a2,9.47349,11.6371,10.0228,11.7413,10.9455,8.50421,8.17593,9.305,9.40008,10.7946
Atp1a4,11.8788,13.2301,11.3251,14.7598,13.3038,5.97916,5.11107,4.82317,9.20234,10.3865
Man2a1,10.1304,9.72076,10.321,9.92562,10.206,9.85028,10.0887,9.89772,9.90703,9.95256
Man2a2,9.17957,8.06426,11.7636,10.0897,10.1872,9.0376,10.7901,10.4292,9.60357,10.8552
Myo18a,8.85696,8.42016,8.57391,9.05553,9.16259,11.2119,11.47,10.9181,11.0998,11.2311
Pfdn2,10.1736,9.55147,10.1496,10.4476,9.90216,10.0572,9.9779,9.81509,9.88136,10.044
Prpf6,10.1235,10.5224,10.4331,9.13911,9.42439,10.1986,10.1766,10.5553,10.0195,9.40748
Phb,10.4077,11.6042,10.2685,10.3279,9.79369,10.3116,8.76094,9.4051,9.89314,9.22725
Tha1,10.1628,11.1064,10.8388,12.3083,10.8489,8.36698,8.24896,8.68052,9.66065,9.77768
2210016F16Rik,10.9466,10.6676,10.2341,10.8523,10.3183,9.63301,8.94415,8.74524,9.63117,10.0275
Akap9,10.0488,10.2834,10.1192,10.5911,10.0653,9.80543,9.41307,9.74622,9.89752,10.03
Son,10.5285,10.1859,10.4309,9.36865,9.66125,9.84188,10.0916,9.84802,10.3018,9.74162
Syvn1,9.65363,9.75223,9.0542,9.6698,10.0641,11.8475,8.91786,10.0815,10.3939,10.5653
Kif5b,10.0577,9.83384,10.127,9.75615,9.58432,10.0523,10.3778,10.1379,10.052,10.021
Fkbp4,11.2525,10.6436,11.1547,10.0758,9.5684,9.97922,9.39594,9.02788,10.0093,8.89261
Setd3,10.2316,9.45445,9.74102,9.57327,9.57352,10.6475,10.3181,10.0162,10.7783,9.66609
Nemf,10.0828,9.62118,10.4345,9.46207,9.9849,10.164,10.2475,9.64466,10.5854,9.77299
Cltc,10.215,9.92874,9.72264,9.81739,9.83547,10.1876,9.93421,10.1408,10.1097,10.1086
Map4,8.90264,8.58865,8.86653,8.77363,9.2309,11.7057,11.5855,10.8701,10.8384,10.6379
Map4,12.4914,8.69104,10.5375,9.69372,9.62351,10.073,11.8337,7.41193,11.3539,8.29022
Copb2,10.7555,10.2772,9.73097,10.6234,10.0707,10.1074,9.18545,9.34793,9.73974,10.1617
Mrps35,9.51128,10.2453,9.6735,9.75829,9.54965,10.9493,10.1611,10.6593,9.74412,9.74821
Coq5,11.143,10.1973,10.8346,11.4206,11.2328,8.73407,8.77471,8.75062,9.5103,9.40199
Vps13c,9.61366,9.43279,8.93745,10.876,10.136,10.0449,10.0201,9.7319,9.92832,11.2789
Tprn,9.47211,9.42055,8.79855,9.77341,8.80842,10.7697,10.544,11.0802,10.2995,11.0334
Galnt12,11.0677,9.75391,9.06888,11.9619,10.5795,9.21369,8.56648,9.36798,9.26776,11.1522
Galnt4,9.9947,9.45276,9.11845,10.9348,10.1847,9.93466,9.39231,9.45436,10.4062,11.127
Galnt2,9.42565,9.05228,9.74805,10.2172,10.008,10.2093,10.6045,10.1835,10.2663,10.2851
Spats2l,10.6868,11.5903,11.1925,8.57535,9.7233,10.1828,9.58865,10.1723,9.60869,8.6794
Hoxb13,9.68493,11.4057,11.139,9.84502,10.117,9.53238,9.44519,9.63331,9.57616,9.62131
Aqr,10.3718,10.2499,10.4843,9.22641,9.50436,10.3435,10.2065,10.482,9.84551,9.28559
Emc2,9.66487,9.85826,9.49169,9.71983,9.92533,10.1967,9.98103,10.9082,10.2182,10.0359
Ywhae,10.1938,10.7241,10.607,9.67144,9.43309,9.8217,9.50739,9.65314,10.5048,9.88352
Ywhah,10.448,9.64541,9.96799,8.88092,8.91551,10.3715,10.6978,9.68722,11.1744,10.2113
Ywhaq,9.74229,9.50506,10.0882,9.34138,9.45327,10.1486,10.7101,10.6053,10.4432,9.96263
Ywhab,9.69025,9.66632,9.97726,9.85604,9.60539,9.83284,10.1072,10.7448,10.4093,10.1106
Ywhaz,9.54259,9.47766,9.94057,9.21649,9.27319,10.4516,10.3356,10.763,10.889,10.1103
Sfn,9.38256,9.42536,9.0633,9.33252,9.1246,11.0376,10.9708,10.9026,10.8545,9.9062
Ywhag,9.66102,14.0424,8.97951,9.04601,8.77334,10.5713,9.91474,9.08619,10.384,9.54149
Cand1,10.1583,9.92278,10.3399,9.40513,9.80254,10.0947,10.2941,10.4381,9.99268,9.55183
Cand2,9.13727,8.19732,10.0084,10.1105,10.0203,10.3245,10.4002,10.0254,10.3219,11.4542
Golga4,9.86371,9.66123,10.0334,10.6884,10.0592,9.66057,9.42961,9.81803,10.1635,10.6223
Pi4k2b,10.4996,10.6185,10.2051,10.4248,10.2408,9.81871,9.28345,9.81768,9.51985,9.57154
Lman1,11.3259,10.2488,9.9238,10.0735,10.9099,9.42112,9.30251,8.99008,10.0086,9.79574
Cpt1a,9.4773,10.3229,9.36177,10.1294,9.67294,9.55503,9.97053,10.2741,9.79991,11.436
Wdr75,9.90776,10.4663,10.6128,8.86411,8.97723,10.5815,10.1869,10.8911,10.4522,9.06015
Srrm2,9.98306,10.0997,10.6387,9.11557,9.19556,9.94839,10.2739,11.0282,10.1371,9.57984
Sdha,10.4456,10.1328,10.354,10.5382,10.2511,9.37345,9.18063,9.18302,10.0522,10.489
Ccbl2,11.592,12.0101,11.4375,11.2934,11.7867,7.8113,7.41146,8.02,8.88863,9.74898
Camsap1,10.3656,9.72749,10.5862,8.41306,8.9709,10.6049,11.0003,10.5282,10.4246,9.37887
Sec24a,9.95267,9.74469,9.29324,10.8586,10.8059,10.4811,9.53216,9.79357,10.0308,9.50719
Itga3,8.647,9.41647,8.69732,8.95264,9.51636,11.2541,11.2484,11.5467,10.5155,10.2055
Ttc37,10.2698,9.85135,10.0548,9.65213,9.93406,10.044,10.1152,10.228,10.1547,9.69592
Vps51,9.90657,9.92162,9.60147,9.86588,9.56466,10.4097,10.1971,10.4258,9.84054,10.2667
Ano6,8.98947,8.45476,11.3237,9.42329,9.53141,9.90524,10.9711,10.5477,10.4558,10.3975
Mettl13,9.94823,10.4004,10.2501,9.00885,9.48823,10.3717,10.4154,10.3887,10.3294,9.39893
Aldh2,8.80665,9.22579,8.88408,11.3422,10.8583,9.66818,9.57902,9.88705,9.77021,11.9785
Aldh1b1,12.2803,13.5812,12.6306,12.8801,12.0637,6.61298,5.8226,7.05983,7.74964,9.31907
Aldh1a3,3.21953,3.45371,3.3786,3.6628,3.65782,14.8214,19.0353,20.7985,13.062,14.9103
Aldh1a2,11.1038,11.846,10.8623,11.4271,10.3961,8.48491,8.03516,8.81317,8.72017,10.3114
Aldh1a7,11.2532,10.1051,9.39729,13.7199,13.6059,6.97452,6.88029,7.07116,8.9937,11.9988
Aldh1a1,10.63,9.99676,8.85261,15.523,15.2809,6.76013,5.92618,6.10675,8.92935,11.9944
Commd3,9.57843,10.2024,11.3755,11.033,10.5113,11.0518,9.87777,8.15082,9.79712,8.42188
Clca6,9.24751,10.768,10.3711,12.8646,9.33837,7.9512,6.99689,9.00238,10.6093,12.8506
AI747448,8.95429,11.2914,11.1169,12.7285,9.65131,7.69667,6.87523,8.68941,11.194,11.8023
Ik,10.5424,9.99746,10.6179,9.50868,9.22611,10.1227,10.1268,10.1705,10.1679,9.51962
Ccdc124,10.1813,10.3769,9.46697,9.41494,9.12051,11.2228,9.96382,10.1438,10.0949,10.0141
Cobl,9.64521,10.3151,9.83352,8.68344,9.36061,10.4889,10.4571,11.4832,9.87049,9.86233
Srm,10.7845,10.5128,10.6399,9.89465,10.0569,9.8145,9.92362,9.81899,9.69623,8.85789
Iqgap2,8.98734,8.99269,8.57995,10.671,9.72588,10.306,10.2597,10.524,10.3569,11.5966
Iqgap1,8.6345,8.50894,8.69316,9.09264,9.04665,11.0903,12.0536,11.552,10.5727,10.7555
Iqgap3,9.51147,10.6577,9.68811,9.11602,8.98894,11.2668,10.7245,10.0029,11.0657,8.97795
Smarcd2,10.5644,10.4784,11.0758,9.95132,10.0378,10.1703,9.24609,9.54369,9.90156,9.03066
Smarcd1,9.8948,10.9652,10.6401,8.56476,8.97861,10.3856,9.78111,11.122,9.67352,9.99428
Rcc2,9.69575,10.1372,10.7935,8.47333,8.7232,10.3812,11.0173,11.2653,10.2052,9.30802
Gclm,9.81466,10.0715,10.1411,10.3971,9.77125,9.89055,9.95413,10.0982,9.44653,10.415
Hrsp12,9.74907,9.05994,9.63408,9.96236,8.51528,12.6148,9.98699,9.68426,10.5271,10.2661
Dera,11.0616,10.5545,10.2523,11.1854,10.9888,9.60978,9.06659,8.69567,9.26008,9.32519
Ktn1,9.49934,9.33302,9.82416,9.14282,9.53056,10.701,10.7212,9.98982,10.7119,10.5462
Ktn1,10.2017,9.97838,10.1625,8.94378,9.22094,10.6948,10.4583,10.2222,10.078,10.0394
Tigar,9.47191,9.85339,9.78592,9.98515,9.7767,10.4656,10.3289,10.5981,9.92735,9.80695
Atp6v1d,9.87199,9.21892,10.3581,10.7331,10.9089,9.00302,9.50097,9.7634,10.588,10.0536
Lmna,8.50348,8.3763,8.37606,9.01891,8.94943,11.1583,12.499,11.2587,10.9128,10.9471
Pgm5,9.12607,9.55225,8.48769,14.4682,16.3449,6.68806,7.63709,6.46522,9.27638,11.9542
Pgm1,10.2343,10.0797,9.81443,11.2378,11.4207,9.00515,8.9897,9.07572,9.65407,10.4884
Strip1,9.61636,9.25112,10.0545,9.19312,9.73201,10.9556,10.7151,10.5944,10.548,9.33985
Misp,10.063,10.0148,9.48969,8.89554,8.82105,10.8786,10.6458,10.4823,10.7023,10.0071
Ppox,9.24307,9.63339,9.9309,10.6277,10.9332,9.39633,9.86207,9.95249,10.0841,10.3368
Sf3b1,10.1167,9.83475,10.565,9.33812,9.33957,10.134,10.5789,10.4857,10.196,9.41122
Col15a1,8.93884,9.61767,9.96616,10.0982,9.97762,9.55125,10.4496,11.196,9.7644,10.4403
Znf593,9.8681,11.1717,10.7217,7.78195,8.43948,11.2404,10.4206,11.0118,9.57947,9.76483
Parp14,10.9248,11.2944,12.1984,9.37054,9.3839,9.97436,8.70439,10.1221,9.59611,8.431
Ehf,11.0141,10.1796,11.0415,9.26183,9.33072,9.96691,10.3883,9.98207,9.86726,8.96767
Elf3,10.5079,10.9476,9.98016,9.32009,8.96502,9.83689,9.63105,10.7415,10.1901,9.87973
Cgnl1,6.548,7.15921,7.08193,8.69847,8.18711,12.7163,13.4755,13.0846,11.2812,11.7678
Flnb,7.93011,7.4973,7.3552,7.63507,8.22188,13.134,13.9896,12.438,11.0517,10.7472
Flna,8.53429,8.52167,8.17987,12.1526,13.9949,8.51956,9.86701,8.34585,10.2079,11.6764
Flnc,8.66681,8.97705,7.73407,14.0937,15.9961,7.07504,8.09263,6.62623,9.8966,12.8418
Macrod1,9.74361,9.53897,8.95234,10.4962,12.8177,10.3559,9.74671,9.126,8.84257,10.38
Mrpl2,9.81997,10.1008,10.1664,9.65742,9.3606,9.35071,9.80528,11.05,10.3434,10.3455
Cnot3,10.0351,9.64253,11.0739,10.0584,9.96527,9.6441,10.2913,9.66498,10.2219,9.40246
Kpnb1,10.1295,9.98234,10.3668,9.24164,9.04227,10.4389,10.3626,10.5891,10.0482,9.79861
Tjp3,9.74439,9.86636,9.67626,9.90635,9.82518,10.118,9.88163,9.95949,10.5392,10.4831
Tjp2,9.62265,9.29391,9.38678,8.91915,8.38388,11.0403,11.5546,10.9832,10.3831,10.4324
Rhpn2,9.52349,9.77255,9.43513,9.75898,9.42891,10.693,10.2943,10.4687,10.2337,10.3913
Hspg2,8.81018,8.97634,9.41635,10.4186,11.2069,9.04136,10.077,10.5222,10.1906,11.3404
Rplp1,10.1464,11.9875,10.3433,10.117,9.651,10.5021,9.84626,9.26499,9.78627,8.3552
Ruvbl2,10.1021,10.7697,10.5486,8.78632,8.93792,10.0032,10.4861,11.2865,9.84238,9.23712
Dut,9.67296,10.9411,9.53329,7.08684,7.85789,11.5381,10.987,12.7154,10.8959,8.7716
Mogs,10.5871,9.77357,10.5945,10.3243,9.90594,9.83849,9.70249,9.97766,9.8905,9.40554
Rab11b,9.87553,9.64384,9.61498,9.42698,9.36992,10.3457,10.9946,10.1454,10.4451,10.1381
Rab11a,9.19274,8.15592,9.17687,8.83299,9.60954,11.3582,11.4426,10.5566,10.879,10.7955
Rab25,9.60334,10.3675,9.51499,10.291,9.34678,10.1832,10.1198,10.5327,9.66916,10.3714
Chd1,10.6509,9.6996,10.8575,8.76794,8.96853,10.3914,10.8032,10.1847,10.5827,9.09356
Chd2,9.70463,9.83023,10.0271,9.57341,9.95717,9.90579,10.6554,10.3723,10.0394,9.93463
Stxbp2,10.16,9.65272,10.9446,10.7809,10.3916,9.37173,9.28268,9.30429,9.97905,10.1325
Pa2g4,10.4374,10.7319,10.0427,9.28809,9.21505,10.4706,10.1648,10.178,10.0833,9.38809
Cct2,10.3177,10.0369,10.5764,9.54095,9.50915,10.2577,10.2222,10.2038,9.9898,9.34529
Raf1,9.35624,9.42687,9.00969,9.66001,10.3276,10.5822,10.7026,10.9327,10.4353,9.56677
Araf,10.1725,9.40688,10.1998,10.0169,10.4825,9.58214,10.0365,9.53747,10.3547,10.2106
Braf,9.64436,9.55441,9.57173,10.3182,10.5404,9.73946,10.4924,10.1259,9.73961,10.2734
Rpl14,10.7309,10.612,9.76652,8.95504,9.00481,11.1837,9.97098,9.93811,9.91807,9.91981
Nup188,9.72697,9.90143,10.033,8.67447,9.00239,10.9518,10.81,11.1925,10.1261,9.58133
Pdlim1,8.56186,8.8464,8.4448,8.21261,8.24098,12.9745,11.7773,12.0098,10.1617,10.77
Smu1,10.5803,10.2287,10.7298,9.25777,9.34834,10.3728,10.1923,10.0333,10.2315,9.02518
Fus,10.1897,10.7119,10.4321,8.65805,8.55504,11.319,10.3183,10.623,9.80692,9.38597
Taf15,10.2861,9.76717,10.1624,9.53949,8.80814,10.6036,10.5171,9.97723,9.78347,10.5553
,9.58062,9.79639,9.75638,10.0125,10.0143,10.0794,10.0118,10.4127,9.91035,10.4255
Eif4g3,10.1328,9.59684,10.2175,9.59067,10.2634,9.89572,10.2088,9.87533,10.3159,9.903
Eif4g1,10.1001,9.82747,10.0362,8.88658,9.11366,10.5788,10.6616,10.5834,10.6042,9.60798
Eif4g1,10.0229,9.76993,10.4623,10.8382,9.72829,10.7372,9.24907,9.54003,10.174,9.4782
Ptpn14,8.65424,8.04553,9.05805,9.22693,9.54864,10.8234,11.487,11.943,10.5528,10.6604
Prmt5,10.1025,9.86597,10.4675,8.911,8.80579,10.5189,11.0494,10.4444,10.4426,9.39199
Erc1,9.72386,9.64982,9.89426,10.1548,9.83377,10.0797,9.74356,10.4102,10.3741,10.1359
Ttc39b,9.65876,9.68392,9.73582,9.79825,9.67129,10.2047,10.1237,10.614,9.98556,10.524
Myo15b,9.14361,9.70895,9.01492,12.224,11.0087,9.00851,8.43243,9.06563,10.1078,12.2854
Acp6,9.47939,9.84569,9.06014,9.03907,9.71205,10.2874,11.2381,10.9046,10.1402,10.2934
Ddx21,10.2407,10.164,10.967,8.8143,8.8526,10.566,10.6526,10.1352,10.4339,9.17365
Myo10,9.1647,8.76365,9.26284,8.93857,8.75229,11.2212,11.5657,11.3182,10.3929,10.62
Myo5b,9.41523,8.91045,9.27581,9.61534,9.45804,10.5051,11.0775,10.5182,10.6444,10.5798
Myo5a,9.35567,8.61831,9.35927,10.7927,11.0786,10.0035,9.78287,10.1623,10.224,10.6227
Myo5c,9.54108,9.92668,9.47157,10.4586,10.2165,9.88019,9.8231,10.1385,9.97685,10.567
Polr1a,9.91125,10.184,10.5314,8.70246,8.7938,10.9166,10.7321,10.9204,10.2752,9.03279
Specc1l,9.24345,8.40323,9.49659,9.63476,9.83212,10.5069,11.3396,9.87187,10.7258,10.9457
Dpysl3,7.98094,7.44628,7.78834,8.9623,9.75777,11.211,13.2129,11.562,10.7515,11.327
Dpysl2,9.8867,9.30118,9.46716,11.3938,11.3678,9.1585,9.35342,9.50489,9.56439,11.0022
Crmp1,8.80901,7.66597,8.58628,11.0295,12.2304,9.58428,10.755,9.73603,10.895,10.7085
Pafah1b3,11.387,10.5647,10.1999,10.7351,10.0688,9.99138,8.95318,9.04167,9.65728,9.40107
Bcl2l14,11.7122,11.7975,10.8973,10.1939,10.6113,9.044,8.56641,9.22894,8.80412,9.14438
Cars2,9.92348,10.1428,10.1895,10.0762,10.0256,9.29721,9.41132,10.463,10.0694,10.4015
Grhpr,10.2614,10.6349,9.81066,10.6516,11.5767,9.42802,8.84729,9.64709,9.57754,9.56478
Mvd,10.1192,9.70662,9.16879,10.1839,9.62266,10.8392,9.88572,10.592,10.0057,9.87612
Ap1g1,10.1081,9.61605,9.93343,10.3137,10.241,9.85706,9.71502,10.0574,10.0872,10.0711
Ap1g2,9.74936,10.0577,10.0484,10.0339,9.88803,9.92421,9.72361,9.9371,10.6797,9.95798
Cmas,8.97202,8.73631,9.58005,8.98927,8.87087,10.5303,11.468,12.3431,9.98389,10.5262
Arhgap17,10.1356,9.63434,10.5286,10.2458,10.6312,9.99587,9.40563,9.19404,10.2707,9.95814
Hpgd,9.61391,11.4461,10.0009,14.6875,14.4324,6.1891,5.9701,7.10272,8.72097,11.8363
Qdpr,9.7316,9.97385,10.2126,11.4662,11.4815,9.27734,9.03592,9.07581,9.71395,10.0312
Phka2,9.33252,9.39488,10.1147,11.0112,10.1771,9.72574,8.94696,10.4694,10.6008,10.2266
Phka1,9.36284,9.87543,9.50035,11.6036,10.6565,9.78445,9.07167,9.79344,9.97444,10.3772
Shmt2,9.80423,9.91052,10.109,8.53181,8.83503,10.7773,10.7202,11.423,10.4624,9.42647
Shmt1,9.91905,11.2094,10.7206,9.55742,10.0122,9.54219,9.4284,10.3085,9.8545,9.44775
Synm,8.56466,9.55131,7.64011,17.8634,18.9159,4.82433,6.05295,4.47188,9.27647,12.839
Synm,7.78628,9.61137,7.79106,17.5628,18.2844,5.29785,6.55896,5.24405,9.61094,12.2522
Celf1,9.8124,10.0686,9.89431,8.95417,9.04099,10.5169,10.9661,10.8317,10.1323,9.7825
Celf2,9.67615,9.47364,10.5996,10.5627,11.1267,10.0772,9.38234,9.23107,9.60983,10.2608
Znf598,9.68684,9.54409,9.91515,9.04744,9.03244,10.5896,10.8168,10.6299,10.4888,10.2489
Mrpl12,8.26435,8.70138,12.371,11.7595,10.3523,10.9078,9.47191,8.16205,10.5168,9.49289
Tsr2,10.3696,10.9816,10.0386,9.76369,10.0823,10.1402,9.25288,9.65077,10.4052,9.3151
Smarcc1,9.94235,10.2149,10.9836,8.89444,9.18055,10.5217,10.4993,10.6228,10.1378,9.00255
Smarcc2,10.0152,9.96453,10.62,10.3058,10.4545,9.30904,9.89579,9.69262,9.86353,9.87896
Lcmt2,9.39048,10.4599,11.9359,10.5853,13.0505,8.54734,7.29618,9.94963,9.84919,8.93563
Hars,9.6562,9.61163,10.0571,9.95725,9.60023,10.133,10.01,10.6218,10.3029,10.0498
Hars2,9.32002,9.4722,9.61724,9.6962,9.15501,10.4792,11.0633,10.9551,9.7374,10.5043
Xrn2,9.34148,10.5394,10.4668,8.59637,8.98404,10.3925,10.6279,11.6414,9.88908,9.52111
Krt19,9.01016,10.0056,8.25463,10.2175,8.95598,10.7672,10.8757,10.0094,10.4465,11.4573
Krt14,3.11142,2.97576,4.61515,3.2211,3.56175,14.2352,21.3486,15.9538,19.6751,11.302
Krt15,10.0066,9.90525,12.687,10.584,8.79167,9.52802,11.5294,8.75945,11.2734,6.93515
Krt13,2.27377,2.29887,3.19734,2.32576,2.36797,15.8415,18.2828,16.8033,22.6176,13.991
KRT13,8.97737,9.04025,8.43381,10.8172,9.7489,10.1515,10.3975,10.1116,10.4913,11.8305
Krt36,10.2518,11.3704,9.78881,9.04491,7.30006,10.0165,12.392,10.4312,10.6327,8.77153
Krt18,9.45812,9.03432,8.73944,8.46608,8.23522,11.816,12.3985,11.3729,10.2386,10.2408
KRT36,8.77191,10.049,9.35256,9.15963,7.37453,9.99285,12.6437,11.7178,10.8717,10.0662
Krt20,9.8632,7.94173,7.86993,13.1167,12.5267,8.74517,7.72102,7.72605,11.0361,13.4534
KRT10,10.1835,9.56123,8.90344,8.4598,7.89973,9.78525,10.3479,9.40591,12.7075,12.7457
KRT19,8.78182,8.82128,8.56192,10.0166,9.17502,10.8799,11.5983,10.416,10.4451,11.3041
KRT9,11.5407,11.0072,9.83697,8.84518,8.64854,10.112,9.46927,8.46912,10.671,11.4001
Snrnp200,10.0268,10.4006,10.2871,9.24925,9.1644,10.1903,10.3452,10.8865,9.80692,9.64301
Fam213a,8.67792,7.8903,8.75914,9.3184,10.107,9.99511,13.4335,11.6352,10.0866,10.0968
Hcls1,10.8687,9.55267,10.8785,11.1497,11.3146,9.63786,8.60523,7.9848,9.87266,10.1353
Npepl1,9.3381,9.28483,9.43054,9.74352,9.4862,10.2744,10.7419,11.0314,10.1191,10.55
Znf706,8.81035,8.9379,10.0775,10.9408,9.76956,10.0377,10.7502,8.47184,9.2973,12.9068
Ccdc43,9.92099,9.84828,10.1851,9.64786,9.45563,9.64047,10.0716,10.6233,10.7322,9.87454
Heatr2,8.96206,8.39438,8.98635,8.38938,8.47969,12.4793,12.5284,10.2379,10.4275,11.1151
Wasl,9.47315,9.95138,9.59512,9.54869,9.51369,10.6126,10.5211,10.6256,9.98461,10.1741
Gcn1l1,10.2614,9.91886,10.345,9.78034,9.56892,10.2918,10.0182,10.1925,10.1756,9.44737
Dapk3,9.49752,8.90988,9.25972,9.41947,10.026,10.8669,11.198,10.2888,10.1622,10.3716
Dapk2,10.308,10.2828,9.38986,9.54365,8.77127,11.2902,9.90432,10.2355,10.3971,9.87717
Fhod1,9.46138,8.80091,9.39471,9.93068,9.72917,10.4388,10.7737,10.4058,10.4708,10.5941
Eprs,10.4922,10.389,10.4263,9.78636,9.76787,9.9395,9.81564,9.90321,9.89058,9.58944
Col6a4,10.1967,9.702,10.2515,12.0846,12.4567,8.47493,7.80137,8.2898,9.5916,11.1508
Elac2,10.0719,9.97419,10.5073,9.40031,9.6018,10.1062,10.3818,10.1589,10.1864,9.61121
Vma21,9.66157,9.22477,11.006,9.8592,9.67205,10.759,10.7219,9.75334,10.3379,9.0043
Ppp2r5b,9.01996,8.99666,9.12381,9.65528,9.6491,10.4554,10.9584,11.3615,9.88916,10.8908
Hnrnpll,10.3785,10.2277,10.6958,9.63517,10.1364,9.85704,9.82418,9.69764,10.411,9.13663
Pglyrp1,10.0076,11.6745,10.4694,9.18221,9.98598,9.17938,9.0659,10.3601,10.1026,9.97233
Dnajc3,11.2755,10.1343,10.2968,10.6623,11.1071,9.54179,8.59558,8.93018,10.0077,9.44884
Htt,9.68002,9.83003,10.0695,10.0634,10.3175,9.96892,9.93312,9.87178,10.2093,10.0564
Rps25,10.0582,10.4425,10.0651,9.88282,8.40827,10.6396,10.0799,10.9519,9.74326,9.72834
Lrpprc,10.2712,10.1162,10.3438,9.91741,9.62684,9.91101,10.1564,10.0833,9.87218,9.70163
Ccdc88b,10.2767,9.86762,10.0782,9.43673,11.8354,9.48761,10.5584,9.1938,9.82237,9.4432
Pak4,9.57728,9.76661,9.58318,9.47531,9.2484,10.5678,10.7125,10.3771,9.99506,10.6968
Aspscr1,11.0051,10.75,10.89,9.67719,9.79121,9.70299,9.50805,9.22061,10.033,9.42177
Wdr41,10.8646,9.83707,9.56009,9.45743,9.43823,10.2934,10.0441,10.6124,9.96332,9.92924
Lrp1,9.74075,9.3557,9.57134,10.1208,10.7043,9.42274,10.484,9.9295,9.93743,10.7334
Hadhb,9.71491,10.1785,9.71549,10.491,10.5363,9.6075,9.63486,9.78723,9.95741,10.3768
Xpo7,9.72488,9.84449,10.0949,9.35561,9.21753,10.4795,10.7687,10.5025,10.1264,9.88546
Cops2,10.3012,10.3379,10.5613,9.02284,9.32331,10.1148,10.6696,10.5342,9.69711,9.43761
Ttc39a,10.1731,9.92147,9.55661,10.5743,9.85802,10.1179,9.53186,10.2297,9.79149,10.2456
Hsd17b2,8.65485,8.30758,8.7791,11.9017,10.4869,10.1086,10.0344,9.17729,10.131,12.4186
Sptbn2,9.69817,8.16087,11.2496,8.71114,9.28431,10.5088,13.2446,10.8922,9.77647,8.47388
Sptbn1,9.69238,9.78273,9.7876,10.3025,10.2855,9.63449,9.83412,10.007,10.1827,10.491
Sptbn1,9.61978,9.88544,10.914,9.3002,9.6932,10.3333,10.4907,10.1484,9.40934,10.2057
Sptb,9.32501,11.5786,9.65737,9.61311,10.3786,9.47184,9.83058,10.5187,9.48212,10.1441
Actn4,9.06,8.89143,9.23884,9.65084,9.61742,10.3042,11.2583,10.768,10.6525,10.5585
Actn2,8.673,5.9121,5.67417,6.46739,18.0026,15.9696,11.308,9.8332,8.73401,9.42599
Actn1,7.49714,8.10744,8.41856,11.3462,14.2079,8.1238,10.7639,8.63045,10.82,12.0846
Actn4,8.76925,8.83321,9.22486,11.5886,9.90748,9.47223,9.843,11.4927,10.7283,10.1403
Actn1,8.31388,8.41852,8.38416,9.35795,9.97407,10.5707,11.6254,11.2908,10.8658,11.1987
Lemd2,9.39911,9.13814,9.01275,10.4023,11.0372,10.0558,10.0795,10.2625,10.2925,10.3201
Ythdc2,10.1486,10.7132,9.5487,10.1885,10.1615,9.8715,9.24541,9.98672,10.0652,10.0708
Tubb6,8.61716,8.33975,9.1754,8.46335,9.58208,10.9505,13.2154,11.9277,10.406,9.32256
Tubb5,10.5301,10.3815,10.914,9.02289,9.61934,10.0031,10.3781,10.1663,10.0374,8.94727
Tubb2a,10.2635,9.49739,9.26577,9.45006,10.5183,10.2915,11.1107,9.77205,10.0877,9.74309
Tubb2b,12.4631,8.93318,10.5171,7.95386,9.3009,10.8842,12.3763,8.25267,10.6583,8.66043
Tubb3,9.05736,8.84931,8.58624,10.7704,12.2787,9.55795,10.8652,9.89354,9.83913,10.3023
Tubb4b,10.2621,11.0944,10.0527,9.54778,9.75979,10.1698,9.963,10.0998,9.90685,9.14389
Tubb4a,10.2065,9.71378,10.1169,10.2382,10.9365,10.3043,9.57919,9.37344,9.38341,10.1479
Wfs1,10.0917,8.99868,10.0204,10.1088,10.2496,9.51586,10.6995,9.65012,10.5188,10.1466
Akap13,8.55895,8.63562,8.62963,7.91714,8.09069,12.0768,12.33,12.0712,10.827,10.863
Vangl1,8.54051,8.46608,10.0754,9.56303,9.69481,10.7072,11.6964,11.2264,9.8901,10.14
Aldh18a1,10.612,9.74015,10.5567,9.59743,9.94754,9.83714,9.87725,10.1957,10.347,9.28894
Gltp,10.358,9.69117,9.59215,10.2255,10.6527,10.6905,9.3862,9.27767,9.83525,10.2909
Cog6,10.0834,10.0732,9.88207,10.9561,10.9788,9.59629,9.01756,9.46488,9.84186,10.1058
Utp6,10.2829,10.5869,10.8586,8.4904,8.66234,10.4452,10.5282,10.7013,10.2163,9.22793
Dhx9,10.119,9.99382,10.3881,9.05844,8.75746,10.4723,10.8212,10.5668,10.1385,9.68445
Dhx9,9.62535,9.91346,10.6199,9.86331,9.52929,10.172,10.2353,10.0584,10.3222,9.66077
Ctnnb1,9.25315,9.18083,9.60576,8.44981,8.42225,11.1285,11.8885,11.645,10.316,10.1101
Jup,8.91638,8.72392,8.96007,8.94736,8.75165,10.9185,11.7995,11.3878,10.745,10.8498
Ilvbl,9.53465,9.78347,10.1178,10.8454,11.0027,9.13163,9.05142,9.89458,9.7307,10.9077
Trmt2a,10.5414,10.3716,10.8197,9.06383,9.45866,10.4826,10.0375,9.72443,10.3694,9.13085
Ap1b1,10.2326,9.84665,10.1404,10.4806,10.2332,9.72095,9.5653,9.80527,9.94714,10.0279
Ap2b1,10.2385,9.70099,9.699,9.78114,9.99911,10.1326,10.2587,10.2813,9.91624,9.99246
Fasn,11.166,10.0204,10.5648,10.1547,10.2251,10.0667,9.55077,9.18677,9.89065,9.17411
Appl2,9.80801,9.72689,9.62628,11.7104,10.8826,9.2692,8.85093,9.46098,9.80427,10.8605
Clcn3,10.649,10.2793,11.3462,9.75221,9.52897,10.1622,9.89003,8.78856,9.64951,9.95409
Clcn4,10.141,9.87232,10.6206,9.94665,9.87104,9.58223,9.54173,10.7091,9.37898,10.3363
Hyal1,8.46747,10.1579,12.0335,11.763,9.50362,7.56638,9.60151,9.14318,11.4235,10.34
Mylk,8.98399,9.03784,8.62987,14.301,16.7333,6.73382,7.61143,6.57842,9.77295,11.6173
Mapk9,10.3373,10.2013,10.2627,10.5349,10.3874,9.70979,9.36157,9.70333,9.70224,9.79936
Mapk8,9.78565,9.6515,9.92379,8.80538,9.12503,11.105,10.7543,11.168,10.1118,9.56951
Mapk13,12.0602,13.2658,12.0185,11.8549,11.0618,7.7302,6.75719,7.74679,8.90075,8.60373
Mapk12,10.6706,11.6029,11.8257,11.5448,11.8116,7.18938,8.24662,7.8224,9.1659,10.12
Mapk14,10.088,10.3758,10.3704,10.4874,10.0656,9.75401,9.68202,9.61592,9.50924,10.0516
Cog5,10.3751,10.104,9.99376,10.9688,10.643,9.51236,9.39383,9.44289,9.74798,9.81833
Hspa12b,10.0819,8.57945,9.42804,9.35251,10.2029,10.0316,10.8478,10.1742,10.8084,10.4932
Hspa12a,10.0812,10.1604,9.91973,11.3512,11.669,9.19847,7.90873,8.74887,10.1863,10.7762
Tep1,9.50738,9.37769,9.06489,10.8893,9.97873,9.75961,9.64532,9.72412,10.418,11.6349
Dus2,9.47173,9.09465,11.9288,10.6126,9.81168,9.34624,9.96439,9.5852,10.2205,9.96426
Abcf1,10.2797,10.3877,10.1449,9.1692,9.00711,10.8426,9.96328,10.4614,10.3661,9.37796
Habp4,8.96387,9.89926,9.64379,10.1715,10.1329,9.68069,9.53994,11.1035,10.0892,10.7753
Acaa2,9.92008,10.0345,9.69664,11.4886,10.9792,8.52909,8.79482,9.38487,9.65008,11.5221
Pak1ip1,9.97827,9.16801,11.136,9.41523,9.19768,9.45279,10.1463,10.3794,11.3511,9.77527
Yes1,10.0147,10.7979,10.881,10.2456,9.73308,9.64157,9.52025,10.0107,9.5836,9.57166
Src,9.10882,9.27573,9.95805,10.1159,9.13947,9.74153,10.5874,11.18,9.988,10.905
Fgr,10.5477,9.39307,11.0529,10.4492,10.6066,10.1355,9.21587,9.01102,10.2098,9.37831
Cdk9,10.2306,10.4086,10.1089,9.46185,9.04429,10.1694,10.0663,11.2191,10.0302,9.2609
Cdk1,9.88794,10.2843,10.7905,8.43496,8.90429,10.8781,10.871,10.7736,10.4141,8.76124
Cdk2,11.2816,11.0423,10.3834,9.42179,8.95665,11.0836,9.35964,9.52071,9.80458,9.14575
Cdk4,11.3391,11.5485,12.1325,9.53103,10.1963,9.97353,9.63748,9.17378,8.87067,7.597
Cdk13,9.80417,7.97648,10.9174,9.75064,10.2843,9.12334,10.8038,9.89404,11.2369,10.209
Cdk12,10.2657,10.0857,10.3873,9.9367,9.83476,10.6512,9.73316,9.72636,10.0852,9.29387
Cdk5,9.96018,9.78271,10.2639,9.34569,9.86868,9.53305,10.8012,9.8489,10.026,10.5697
Hck,10.983,10.0387,10.8631,11.0286,11.2766,10.0742,9.34256,8.22513,8.56893,9.59922
Lyn,8.61811,10.467,11.1439,12.4343,9.78246,8.22754,7.51354,8.84683,11.1314,11.8349
Cdk6,10.5414,9.38399,10.5278,11.4153,11.271,9.09091,9.26747,8.5625,10.2298,9.70989
Mst1r,9.60008,9.47455,9.25044,9.74837,9.46899,10.5177,10.3279,10.5592,10.5018,10.551
Met,9.43885,9.8776,9.98819,10.0981,8.89648,10.2265,9.90406,9.96984,10.7634,10.8371
Prkd2,9.27296,9.61115,9.9892,10.3152,10.3606,9.8893,10.0745,9.67939,10.1614,10.6463
Cdk18,10.4514,9.14309,10.2752,8.76586,8.99055,11.3262,12.0246,8.86551,10.4253,9.73233
Cdk17,9.35644,8.29468,10.3864,8.48487,8.8397,11.0501,11.6603,11.0437,10.9542,9.92968
Cdk16,8.63624,9.65517,8.84339,10.2731,10.5046,10.2375,10.5179,9.65678,10.8734,10.8019
Cdkl4,9.06667,10.1619,10.1358,9.88715,10.0008,10.2041,10.1955,9.75722,9.80706,10.7839
Prkd1,9.01479,11.3535,11.2536,8.60474,10.3478,7.88957,12.4281,11.9992,7.83002,9.27866
Lck,9.62173,10.111,10.4963,10.8669,10.4484,9.95143,8.85327,9.71882,9.97241,9.95977
Blk,6.78169,11.2764,9.40411,10.5726,9.28892,7.55199,9.93381,12.0791,11.0142,12.0971
Frk,9.31346,9.51076,9.32396,10.0909,9.29695,10.2614,10.4813,10.4716,10.5875,10.6622
Fbxo22,9.77452,9.53947,9.42798,9.57477,9.48289,10.3664,10.9451,10.7359,10.2435,9.90948
Fbxo22,7.87349,7.68807,9.93878,10.5175,8.6361,10.3262,9.62109,14.6415,9.27023,11.4871
Vrk2,10.409,9.90686,10.5084,9.67978,9.79646,9.99603,9.81961,9.82149,9.94129,10.1211
Pole,10.3945,10.5022,11.0871,9.45189,9.52078,9.98603,9.70528,9.86939,10.8037,8.67919
Cyc1,9.98955,9.93532,10.5116,11.1434,10.6777,8.77851,9.07486,9.08604,10.3145,10.4884
Thumpd3,9.67492,9.5039,9.79558,9.38133,9.18332,10.3041,10.8906,11.0322,10.0902,10.1438
Sdf4,10.7832,10.9432,10.8834,11.2539,10.785,9.31325,8.0819,8.70898,9.15246,10.0948
Rnf213,12.0563,12.5721,12.6802,8.80882,9.92791,9.94934,9.02657,9.40376,8.22217,7.35286
Hyou1,11.0918,10.3417,10.456,10.5028,10.6897,9.2678,8.93235,9.04478,9.80396,9.86913
Noxa1,9.3449,12.1139,9.70158,10.311,9.88538,9.39021,9.28822,10.8112,9.06351,10.0901
Stk24,9.97659,10.0805,9.60952,9.45219,10.1464,10.342,10.167,10.0437,10.5531,9.62905
Mst4,9.21609,9.58352,9.45626,10.0245,9.61651,10.3102,10.5251,11.0932,10.0368,10.1379
Stk25,9.01743,9.79552,9.32284,9.85611,8.73629,9.96065,10.6598,11.4405,10.1465,11.0644
Smg8,9.65946,9.60993,10.0203,9.62773,9.9907,10.3098,10.2161,10.4356,10.0758,10.0546
Dlat,9.67256,10.278,9.94161,10.1175,10.1281,9.60916,9.98524,10.1665,9.92621,10.1751
Myo1e,8.85207,8.2031,8.64379,9.17021,8.62219,11.2795,11.8703,11.4357,10.7873,11.1358
Myo1f,10.4259,8.66824,10.1757,10.2469,10.5109,10.0897,9.9463,9.06804,10.5146,10.3536
Acin1,9.88755,9.86955,10.3825,9.30778,9.17014,10.0658,10.7418,10.6018,10.1514,9.82167
Thoc1,9.92012,10.3281,10.5173,9.02206,8.76045,10.1429,10.6521,10.9884,9.89332,9.77525
Rnf25,9.85204,9.69232,10.275,9.81687,9.72217,9.92194,10.0255,10.0344,10.8717,9.78805
Arfgap3,10.4346,9.90543,10.0529,10.9525,10.8097,9.29554,9.00577,9.14123,9.87908,10.5232
Ppa1,10.3372,10.4299,10.7765,11.141,11.2231,8.95358,8.75019,9.17939,9.49967,9.70943
